{
    "version": [
        "1",
        "2",
        "4"
    ],
    "featuresFolders": [
        "..\\..\\FeatureExtraction\\d3652892f479e89068806cac0f0124e70a984f05"
    ],
    "matchesFolders": [
        "..\\..\\FeatureMatching\\995a58dc5a1498eb2f5036db9b1597bf0c0c8ddf"
    ],
    "intrinsics": [
        {
            "intrinsicId": "2827486825",
            "width": "4032",
            "height": "3024",
            "sensorWidth": "4.8899998664855957",
            "sensorHeight": "3.6675000190734863",
            "serialNumber": "",
            "type": "radial3",
            "initializationMode": "estimated",
            "initialFocalLength": "3.9899998910587993",
            "focalLength": "4.0456828383543986",
            "pixelRatio": "1",
            "pixelRatioLocked": "true",
            "principalPoint": [
                "-24.532802078157012",
                "-24.495749586717327"
            ],
            "distortionInitializationMode": "none",
            "distortionParams": [
                "0.13902894121539799",
                "-0.61472605269526892",
                "0.84012016619482244"
            ],
            "undistortionOffset": [
                "0",
                "0"
            ],
            "undistortionParams": "",
            "locked": "false"
        }
    ],
    "poses": [
        {
            "poseId": "45461077",
            "pose": {
                "transform": {
                    "rotation": [
                        "-0.68655165643218441",
                        "-0.19576359829468623",
                        "0.70023098805532757",
                        "0.70574491857535404",
                        "0.052168670553687117",
                        "0.70654266659397669",
                        "-0.17484545448850095",
                        "0.97926249973915436",
                        "0.10234267755600278"
                    ],
                    "center": [
                        "-0.89455487260103839",
                        "-1.3532568992880045",
                        "2.6134086854814553"
                    ]
                },
                "locked": "0"
            }
        },
        {
            "poseId": "50768086",
            "pose": {
                "transform": {
                    "rotation": [
                        "0.91897475664169315",
                        "-0.27953153564910432",
                        "0.2781142161648596",
                        "0.33380286406133375",
                        "0.92694411572784974",
                        "-0.17131915906274217",
                        "-0.20990722855535843",
                        "0.25027330439974604",
                        "0.94514667036658406"
                    ],
                    "center": [
                        "-0.65121729657701877",
                        "0.28043504496624327",
                        "0.11948994900373695"
                    ]
                },
                "locked": "0"
            }
        },
        {
            "poseId": "58630699",
            "pose": {
                "transform": {
                    "rotation": [
                        "-0.74850444605323829",
                        "-0.10003253676933245",
                        "0.65554144478135512",
                        "0.66019391884944911",
                        "-0.20533007841419401",
                        "0.72248428938809972",
                        "0.062330440017229483",
                        "0.97356717820904004",
                        "0.21973134906368147"
                    ],
                    "center": [
                        "-0.65479776935443612",
                        "-1.5827424338776908",
                        "2.2496785930124577"
                    ]
                },
                "locked": "0"
            }
        },
        {
            "poseId": "78128250",
            "pose": {
                "transform": {
                    "rotation": [
                        "0.73294264821158162",
                        "0.65101724659247984",
                        "0.19741230729551648",
                        "-0.65498258427626854",
                        "0.59689569289947564",
                        "0.46337171481741879",
                        "0.1838284219792303",
                        "-0.46892651496497906",
                        "0.86389526844139219"
                    ],
                    "center": [
                        "-0.47013002946040172",
                        "-0.61397178140433273",
                        "0.27856763836172582"
                    ]
                },
                "locked": "0"
            }
        },
        {
            "poseId": "81443810",
            "pose": {
                "transform": {
                    "rotation": [
                        "0.50214074653030538",
                        "-0.71975772633345125",
                        "0.479378228601684",
                        "0.74887188755794998",
                        "0.63913781832114636",
                        "0.17519630480429321",
                        "-0.43248764918709631",
                        "0.27101967562335083",
                        "0.8599434683312811"
                    ],
                    "center": [
                        "-1.1492823785731703",
                        "-0.76726163504130129",
                        "0.48705504652865206"
                    ]
                },
                "locked": "0"
            }
        },
        {
            "poseId": "267655027",
            "pose": {
                "transform": {
                    "rotation": [
                        "0.29790642488799346",
                        "-0.76674359269825099",
                        "0.56864402315212403",
                        "0.83427214039500452",
                        "0.49863303242366619",
                        "0.23527663448952496",
                        "-0.46394154564038859",
                        "0.40431344527749546",
                        "0.78821880223491847"
                    ],
                    "center": [
                        "-1.2997858705882626",
                        "-0.9044270681781843",
                        "0.62555939482354694"
                    ]
                },
                "locked": "0"
            }
        },
        {
            "poseId": "280759274",
            "pose": {
                "transform": {
                    "rotation": [
                        "0.98593072948212457",
                        "-0.15312379377715887",
                        "0.067035068748647952",
                        "0.1550262749224908",
                        "0.98761554921132488",
                        "-0.024132572172679938",
                        "-0.062509605233933008",
                        "0.034185241483766345",
                        "0.99745873023308318"
                    ],
                    "center": [
                        "-0.15048450765276919",
                        "0.11746522497099077",
                        "-0.0048434503778242328"
                    ]
                },
                "locked": "0"
            }
        },
        {
            "poseId": "317373275",
            "pose": {
                "transform": {
                    "rotation": [
                        "0.76984671999646537",
                        "-0.51578800990625873",
                        "0.37589726860889094",
                        "0.5244253807363346",
                        "0.84689354336040468",
                        "0.088030371202264535",
                        "-0.36374997972540685",
                        "0.12936017567783134",
                        "0.92247054001651807"
                    ],
                    "center": [
                        "-0.7237058909609696",
                        "-0.36400504005690137",
                        "0.19476079626660794"
                    ]
                },
                "locked": "0"
            }
        },
        {
            "poseId": "318957364",
            "pose": {
                "transform": {
                    "rotation": [
                        "0.86361583843209633",
                        "-0.20169050968717839",
                        "0.46204828958817012",
                        "0.40755129432199877",
                        "0.81878403419189427",
                        "-0.40434471413499451",
                        "-0.29676527105726302",
                        "0.53750687777420414",
                        "0.78931408845892026"
                    ],
                    "center": [
                        "-1.8412366395174216",
                        "1.3077876798012138",
                        "-0.42015641935310333"
                    ]
                },
                "locked": "0"
            }
        },
        {
            "poseId": "395194720",
            "pose": {
                "transform": {
                    "rotation": [
                        "0.99138985399314528",
                        "-0.10551347700124671",
                        "0.077543946060007959",
                        "0.10552454185905058",
                        "0.9944087886280446",
                        "0.0039663792988695289",
                        "-0.077528887937900429",
                        "0.0042505611879375673",
                        "0.99698104508796959"
                    ],
                    "center": [
                        "-0.25710229811998808",
                        "-0.078091930648381644",
                        "0.1161415957921709"
                    ]
                },
                "locked": "0"
            }
        },
        {
            "poseId": "403691613",
            "pose": {
                "transform": {
                    "rotation": [
                        "0.98414572551087454",
                        "0.15606851329501906",
                        "-0.084260370973292753",
                        "-0.15700585775505049",
                        "0.98758707985118488",
                        "-0.0045738759942056291",
                        "0.082500615690280277",
                        "0.017730732328134838",
                        "0.99643327400375015"
                    ],
                    "center": [
                        "0.31338387563766446",
                        "0.13963613560945301",
                        "-0.075929312037503999"
                    ]
                },
                "locked": "0"
            }
        },
        {
            "poseId": "437056400",
            "pose": {
                "transform": {
                    "rotation": [
                        "-0.95489851044288698",
                        "-0.0652830543984146",
                        "0.28966697699663563",
                        "0.29681305940147645",
                        "-0.18220575035670428",
                        "0.93739163229980138",
                        "-0.0084168000268164053",
                        "0.98109081503465523",
                        "0.19336486271281197"
                    ],
                    "center": [
                        "0.17959991131182856",
                        "-1.1060642329400894",
                        "1.7346959401666964"
                    ]
                },
                "locked": "0"
            }
        },
        {
            "poseId": "452038498",
            "pose": {
                "transform": {
                    "rotation": [
                        "0.69741373525877981",
                        "-0.24735563592342591",
                        "0.67262862803282009",
                        "0.64096734189571369",
                        "0.63512207224750794",
                        "-0.43102299238807945",
                        "-0.32058532170943155",
                        "0.73173433889694472",
                        "0.60148974121219345"
                    ],
                    "center": [
                        "-1.5198458530488317",
                        "1.0845279289596021",
                        "0.96376494753017361"
                    ]
                },
                "locked": "0"
            }
        },
        {
            "poseId": "479603168",
            "pose": {
                "transform": {
                    "rotation": [
                        "-0.82238888275986244",
                        "-0.003547581878083488",
                        "0.56891470377887376",
                        "0.53393293256048913",
                        "-0.35010380124366092",
                        "0.76963819544127032",
                        "0.19644884586156666",
                        "0.93670419184369891",
                        "0.28981564475041882"
                    ],
                    "center": [
                        "-0.34755001914187172",
                        "-1.6730826573305206",
                        "1.895375444241632"
                    ]
                },
                "locked": "0"
            }
        },
        {
            "poseId": "499209138",
            "pose": {
                "transform": {
                    "rotation": [
                        "-0.88102695961244482",
                        "-0.19856143593516473",
                        "0.42937728467563036",
                        "0.4650190628785536",
                        "-0.19680654644788415",
                        "0.86314799103908568",
                        "-0.086883644005092645",
                        "0.9601252727819547",
                        "0.26572672611119541"
                    ],
                    "center": [
                        "-0.2107559995951066",
                        "-1.0171556531294159",
                        "1.6519419885840139"
                    ]
                },
                "locked": "0"
            }
        },
        {
            "poseId": "511039073",
            "pose": {
                "transform": {
                    "rotation": [
                        "-0.19295036171722452",
                        "-0.38427168841043413",
                        "0.90283189321123702",
                        "0.85495859074486069",
                        "0.38565559753558726",
                        "0.34686534592119633",
                        "-0.48147270537877251",
                        "0.83881167706205861",
                        "0.25412399414376896"
                    ],
                    "center": [
                        "-1.5076716027840733",
                        "-0.87063956922584984",
                        "1.725664540104991"
                    ]
                },
                "locked": "0"
            }
        },
        {
            "poseId": "547387480",
            "pose": {
                "transform": {
                    "rotation": [
                        "-0.19120953639035687",
                        "-0.36933084709837344",
                        "0.90941389838454911",
                        "0.85570069812048355",
                        "0.39116235714229186",
                        "0.33877474166620436",
                        "-0.48084844642517288",
                        "0.84296306902288676",
                        "0.24124269073697074"
                    ],
                    "center": [
                        "-1.5467907074652834",
                        "-0.67921584343842789",
                        "1.8532461947567351"
                    ]
                },
                "locked": "0"
            }
        },
        {
            "poseId": "637113298",
            "pose": {
                "transform": {
                    "rotation": [
                        "0.99634620542663266",
                        "0.053466140242637385",
                        "0.066600381226422367",
                        "-0.0017697930428215436",
                        "0.79256385738299773",
                        "-0.60978635586799468",
                        "-0.085387977868876502",
                        "0.6074404528986671",
                        "0.78976261586487262"
                    ],
                    "center": [
                        "0.0057935956482383921",
                        "1.4954069631862008",
                        "0.44485375570199198"
                    ]
                },
                "locked": "0"
            }
        },
        {
            "poseId": "682442944",
            "pose": {
                "transform": {
                    "rotation": [
                        "0.79525484336830399",
                        "-0.2255927055396667",
                        "0.56274120633426805",
                        "0.53199826908162862",
                        "0.70482159030946878",
                        "-0.46925938192835537",
                        "-0.2907706584120982",
                        "0.67255814398527969",
                        "0.68052771226869979"
                    ],
                    "center": [
                        "-1.5979562445544091",
                        "1.0918453471149918",
                        "0.53389365668055044"
                    ]
                },
                "locked": "0"
            }
        },
        {
            "poseId": "694191419",
            "pose": {
                "transform": {
                    "rotation": [
                        "-0.7769652832593047",
                        "0.019125115172563059",
                        "0.62925287331837076",
                        "0.57082033821760558",
                        "-0.40013410768811958",
                        "0.7169775710172327",
                        "0.26549781559728075",
                        "0.91625701952796457",
                        "0.29997330561035573"
                    ],
                    "center": [
                        "-0.54473349664969684",
                        "-1.6376825635857741",
                        "1.5116445689368623"
                    ]
                },
                "locked": "0"
            }
        },
        {
            "poseId": "710544233",
            "pose": {
                "transform": {
                    "rotation": [
                        "0.44506250755242899",
                        "0.80196152183109903",
                        "-0.39846842017089812",
                        "-0.84459358246886063",
                        "0.52380492725595706",
                        "0.11086062707200062",
                        "0.29762567903922499",
                        "0.28720396181934682",
                        "0.91045748911836144"
                    ],
                    "center": [
                        "0.78852302342941738",
                        "-0.099022437231496674",
                        "-0.0039951675101757567"
                    ]
                },
                "locked": "0"
            }
        },
        {
            "poseId": "758104099",
            "pose": {
                "transform": {
                    "rotation": [
                        "-0.87994912791315061",
                        "0.049426561017527092",
                        "0.47248973253486365",
                        "0.45104540768187018",
                        "-0.22534283657875814",
                        "0.86358476492567604",
                        "0.14915620166115057",
                        "0.97302498481211686",
                        "0.17599660916449034"
                    ],
                    "center": [
                        "-0.12873095508621202",
                        "-1.6609101391217189",
                        "2.3861646750728989"
                    ]
                },
                "locked": "0"
            }
        },
        {
            "poseId": "826488346",
            "pose": {
                "transform": {
                    "rotation": [
                        "0.97023672913328274",
                        "0.12281729574728761",
                        "-0.20870218328055865",
                        "-0.20531258383783771",
                        "0.8741966946170604",
                        "-0.44003054671060793",
                        "0.12840339699003092",
                        "0.46978298286115994",
                        "0.87339367793423561"
                    ],
                    "center": [
                        "0.38695803809817819",
                        "1.9042800160343214",
                        "-1.3134274774373815"
                    ]
                },
                "locked": "0"
            }
        },
        {
            "poseId": "885899529",
            "pose": {
                "transform": {
                    "rotation": [
                        "0.93324631734173913",
                        "0.18654797126702419",
                        "-0.3070035269899018",
                        "-0.30951454818086782",
                        "0.85134773397161012",
                        "-0.42356555611356955",
                        "0.1823514618325697",
                        "0.49031305334200687",
                        "0.85225644854701044"
                    ],
                    "center": [
                        "0.83084906295025374",
                        "1.7805896913289632",
                        "-1.3333654950102991"
                    ]
                },
                "locked": "0"
            }
        },
        {
            "poseId": "964688190",
            "pose": {
                "transform": {
                    "rotation": [
                        "-0.84260418370146062",
                        "-0.015892744009476746",
                        "0.53829881134611846",
                        "0.52095100276940143",
                        "-0.27738292014073562",
                        "0.80726003761350229",
                        "0.13648531907260136",
                        "0.96062799058847292",
                        "0.24200334992640632"
                    ],
                    "center": [
                        "-0.25767567966128213",
                        "-1.6375761156639768",
                        "2.1741829191311486"
                    ]
                },
                "locked": "0"
            }
        },
        {
            "poseId": "1026730501",
            "pose": {
                "transform": {
                    "rotation": [
                        "-0.038642836055426719",
                        "-0.36342451328321135",
                        "0.93082187037394737",
                        "0.85607800771475884",
                        "0.46842253827904196",
                        "0.21842795228483877",
                        "-0.51540001545277614",
                        "0.80529680787712032",
                        "0.29301855793481368"
                    ],
                    "center": [
                        "-1.6531980712407606",
                        "-0.49836406704816211",
                        "1.7959336957804912"
                    ]
                },
                "locked": "0"
            }
        },
        {
            "poseId": "1067827449",
            "pose": {
                "transform": {
                    "rotation": [
                        "-0.32963215174035654",
                        "-0.29122591657676949",
                        "0.89807021443372903",
                        "0.84351465183329732",
                        "0.33641287556479832",
                        "0.41869966479181164",
                        "-0.42405857694612703",
                        "0.89555225568821217",
                        "0.13476082758050123"
                    ],
                    "center": [
                        "-1.4034799382659442",
                        "-0.98248536597167901",
                        "2.0076402242324467"
                    ]
                },
                "locked": "0"
            }
        },
        {
            "poseId": "1073547127",
            "pose": {
                "transform": {
                    "rotation": [
                        "-0.67134833626388191",
                        "-0.051439544787479925",
                        "0.73935470826104477",
                        "0.73855647409140102",
                        "0.036821659826431152",
                        "0.67318533848064765",
                        "-0.061852614927708438",
                        "0.99799706342237471",
                        "0.013270848764158731"
                    ],
                    "center": [
                        "-1.0361336650352442",
                        "-1.2990273957563221",
                        "2.0045579715523689"
                    ]
                },
                "locked": "0"
            }
        },
        {
            "poseId": "1123776251",
            "pose": {
                "transform": {
                    "rotation": [
                        "0.59791667597493736",
                        "-0.67614578349166787",
                        "0.43049103133226907",
                        "0.69351994471777767",
                        "0.7056715836263906",
                        "0.14511272287733101",
                        "-0.40190264352170263",
                        "0.2117887993465685",
                        "0.8908533940001615"
                    ],
                    "center": [
                        "-1.0348643322877864",
                        "-0.59364553293880917",
                        "0.37689266375195263"
                    ]
                },
                "locked": "0"
            }
        },
        {
            "poseId": "1175490351",
            "pose": {
                "transform": {
                    "rotation": [
                        "0.98111563180570471",
                        "-0.07880730852290542",
                        "0.17663953450422329",
                        "0.14984833933449637",
                        "0.88712887804741936",
                        "-0.43651784491933554",
                        "-0.12230123558323816",
                        "0.45474362211877489",
                        "0.88218515398815844"
                    ],
                    "center": [
                        "-0.87788640935068463",
                        "1.4292962259782462",
                        "-1.2763344129423517"
                    ]
                },
                "locked": "0"
            }
        },
        {
            "poseId": "1177218562",
            "pose": {
                "transform": {
                    "rotation": [
                        "0.23467099016754189",
                        "-0.33015371587436382",
                        "0.9142910096179091",
                        "0.8254538572835004",
                        "0.56441208230000295",
                        "-0.0080579680792021713",
                        "-0.51337652446287041",
                        "0.75659601191661363",
                        "0.40497780048084031"
                    ],
                    "center": [
                        "-1.8769970139367764",
                        "-0.15580777685155875",
                        "1.5048879674117424"
                    ]
                },
                "locked": "0"
            }
        },
        {
            "poseId": "1183689688",
            "pose": {
                "transform": {
                    "rotation": [
                        "-0.55391100816143768",
                        "-0.69918963309178372",
                        "0.45201377414251043",
                        "0.80394116470028254",
                        "-0.30801118403981048",
                        "0.50873147554161358",
                        "-0.21647447595024438",
                        "0.64518444454541124",
                        "0.7327181134506614"
                    ],
                    "center": [
                        "-0.4101831536686682",
                        "-0.61673023129480875",
                        "1.2536906789811999"
                    ]
                },
                "locked": "0"
            }
        },
        {
            "poseId": "1196513694",
            "pose": {
                "transform": {
                    "rotation": [
                        "0.96743691423363698",
                        "-0.13699908494400515",
                        "0.21283107785895317",
                        "0.22126996895123013",
                        "0.86605443681900351",
                        "-0.4483183169428171",
                        "-0.1229041000879148",
                        "0.48081281512728402",
                        "0.86816681518643413"
                    ],
                    "center": [
                        "-0.79371487524646445",
                        "1.6014038908721544",
                        "-0.91058597712846701"
                    ]
                },
                "locked": "0"
            }
        },
        {
            "poseId": "1239488306",
            "pose": {
                "transform": {
                    "rotation": [
                        "-0.13866219512431799",
                        "-0.72338296397193957",
                        "0.67637998423850276",
                        "0.80599799084897905",
                        "0.31442038952301221",
                        "0.50150479299764039",
                        "-0.57544768171460614",
                        "0.61470066380911692",
                        "0.53944699417265851"
                    ],
                    "center": [
                        "-1.0054480338871381",
                        "-0.66905017751217843",
                        "1.4618269697515716"
                    ]
                },
                "locked": "0"
            }
        },
        {
            "poseId": "1251750391",
            "pose": {
                "transform": {
                    "rotation": [
                        "0.99999934659630108",
                        "0.0011430335061397439",
                        "1.6774238716152018e-05",
                        "-0.0011430029945979788",
                        "0.99999787039046761",
                        "-0.0017183593000858332",
                        "-1.8738345249115628e-05",
                        "0.0017183390042984261",
                        "0.99999852347888041"
                    ],
                    "center": [
                        "-0.010218278506724538",
                        "-0.002534238781481409",
                        "0.00098802074805542841"
                    ]
                },
                "locked": "0"
            }
        },
        {
            "poseId": "1289405097",
            "pose": {
                "transform": {
                    "rotation": [
                        "0.45033912775412155",
                        "0.87423722114245295",
                        "-0.18139446293307449",
                        "-0.84918869581264067",
                        "0.48213997571528466",
                        "0.21545208915508521",
                        "0.27581375766571736",
                        "0.057011621502867593",
                        "0.95951886177184165"
                    ],
                    "center": [
                        "0.40725935911515132",
                        "-0.28703236786289593",
                        "-0.002409442107738774"
                    ]
                },
                "locked": "0"
            }
        },
        {
            "poseId": "1375308269",
            "pose": {
                "transform": {
                    "rotation": [
                        "0.75629316782529388",
                        "-0.33299952551384998",
                        "0.56314470636625291",
                        "0.59277655937037055",
                        "0.71301489632426118",
                        "-0.3744672325861485",
                        "-0.27683315365361849",
                        "0.61702599104677436",
                        "0.73664260765376477"
                    ],
                    "center": [
                        "-1.0273424679355321",
                        "0.66356848004577507",
                        "0.62759424335242731"
                    ]
                },
                "locked": "0"
            }
        },
        {
            "poseId": "1392286671",
            "pose": {
                "transform": {
                    "rotation": [
                        "0.69886646409576347",
                        "-0.30548947201480131",
                        "0.64673166603345078",
                        "0.65203925847827582",
                        "0.64376516068986511",
                        "-0.40051369924766911",
                        "-0.29399059638938319",
                        "0.7016000287700036",
                        "0.64909701036481804"
                    ],
                    "center": [
                        "-1.2690355265249931",
                        "0.84647025782326746",
                        "0.74699794564311794"
                    ]
                },
                "locked": "0"
            }
        },
        {
            "poseId": "1404354921",
            "pose": {
                "transform": {
                    "rotation": [
                        "0.88714383233510841",
                        "-0.13072214906853444",
                        "0.4425918441325839",
                        "0.3786982385811144",
                        "0.75431325865135423",
                        "-0.536282716408367",
                        "-0.26374886700294836",
                        "0.64336865603297722",
                        "0.71868860265693757"
                    ],
                    "center": [
                        "-1.8082312010721668",
                        "1.7308366639420636",
                        "-0.16215974605612549"
                    ]
                },
                "locked": "0"
            }
        },
        {
            "poseId": "1449583743",
            "pose": {
                "transform": {
                    "rotation": [
                        "0.98494994667666402",
                        "-0.12957831212639728",
                        "0.11438122034718333",
                        "0.16854889189706959",
                        "0.86663040479605358",
                        "-0.46962007253023014",
                        "-0.038273666951402566",
                        "0.48183109334029356",
                        "0.87542785191504535"
                    ],
                    "center": [
                        "-0.46210044792169092",
                        "1.7102619726234782",
                        "-1.0478344547716349"
                    ]
                },
                "locked": "0"
            }
        },
        {
            "poseId": "1463842914",
            "pose": {
                "transform": {
                    "rotation": [
                        "0.92969907450023537",
                        "-0.17775621342046743",
                        "0.32258697968737421",
                        "0.30335043166184478",
                        "0.86628001196403359",
                        "-0.3969098845861182",
                        "-0.20889745446983685",
                        "0.46686365189636525",
                        "0.8593021494526889"
                    ],
                    "center": [
                        "-1.3724529967949586",
                        "1.2975751426764037",
                        "-1.169998129538135"
                    ]
                },
                "locked": "0"
            }
        },
        {
            "poseId": "1490263273",
            "pose": {
                "transform": {
                    "rotation": [
                        "0.8743525922687273",
                        "-0.16936916328696808",
                        "0.45477646258401394",
                        "0.41868728584730841",
                        "0.73710220358213274",
                        "-0.53045386052339938",
                        "-0.24537420618877384",
                        "0.65421283081412906",
                        "0.71539993775187916"
                    ],
                    "center": [
                        "-1.3480525819223508",
                        "1.4253985503741242",
                        "0.20660265204622641"
                    ]
                },
                "locked": "0"
            }
        },
        {
            "poseId": "1549154684",
            "pose": {
                "transform": {
                    "rotation": [
                        "0.9905877886364689",
                        "0.079194009468706889",
                        "-0.11164292126498897",
                        "-0.13122144497343813",
                        "0.78150513594705417",
                        "-0.60994315707896829",
                        "0.038945672203636671",
                        "0.6188521886142494",
                        "0.78454139678155943"
                    ],
                    "center": [
                        "0.36036845591078764",
                        "1.159407686184277",
                        "0.60624226171151596"
                    ]
                },
                "locked": "0"
            }
        },
        {
            "poseId": "1556013027",
            "pose": {
                "transform": {
                    "rotation": [
                        "-0.72956915128606226",
                        "-0.0068068376776028588",
                        "0.68387317570772244",
                        "0.66755263235869744",
                        "-0.22445811372312613",
                        "0.70992396650263168",
                        "0.14866854584177602",
                        "0.97445996436215221",
                        "0.16830163793797376"
                    ],
                    "center": [
                        "-0.69142705012849492",
                        "-1.5747696050311488",
                        "1.9624942792636211"
                    ]
                },
                "locked": "0"
            }
        },
        {
            "poseId": "1603683795",
            "pose": {
                "transform": {
                    "rotation": [
                        "0.95937735165442728",
                        "0.11587052239646668",
                        "-0.25723358873231711",
                        "-0.22291885540914683",
                        "0.87017915837922699",
                        "-0.43942623524943941",
                        "0.17292276031689074",
                        "0.47891779499407794",
                        "0.86065990065902187"
                    ],
                    "center": [
                        "0.63814907022874501",
                        "1.6076102221336248",
                        "-1.4219988314214991"
                    ]
                },
                "locked": "0"
            }
        },
        {
            "poseId": "1612524614",
            "pose": {
                "transform": {
                    "rotation": [
                        "0.9944710532273634",
                        "-0.10221581384957715",
                        "0.024067648242551913",
                        "0.10134335997351739",
                        "0.87414663533948611",
                        "-0.4749707183752841",
                        "0.027510864801686932",
