{
    "camera_angle_x": 1.099530045156148,
    "frames": [
        {
            "file_path": "./train/IMG_1256.jpg",
            "rotation": 0,
            "transform_matrix": [
                [
                    0.9329328867410531,
                    0.26829432847904494,
                    0.24011326940213765,
                    -0.347696864548126
                ],
                [
                    -0.2949049687849587,
                    0.9519934153705578,
                    0.0820950453866912,
                    -0.18084613378593756
                ],
                [
                    -0.2065606163404529,
                    -0.1473997638976354,
                    0.9672672957254232,
                    -0.16156818470973527
                ],
                [
                    0.0,
                    0.0,
                    0.0,
                    1.0
                ]
            ]
        },
        {
            "file_path": "./train/IMG_1145.jpg",
            "rotation": 0,
            "transform_matrix": [
                [
                    0.7860607286513062,
                    -0.1604906591081609,
                    0.5969516556733931,
                    -0.8387901643456764
                ],
                [
                    0.40791883387576555,
                    0.8602618823273496,
                    -0.3058622545919005,
                    0.7219330001418519
                ],
                [
                    -0.46444672013225874,
                    0.4839341299739387,
                    0.7416852445645348,
                    1.3047025762365017
                ],
                [
                    0.0,
                    0.0,
                    0.0,
                    1.0
                ]
            ]
        },
        {
            "file_path": "./train/IMG_1242.jpg",
            "rotation": 0,
            "transform_matrix": [
                [
                    -0.27963078518743145,
                    0.2652366561552657,
                    0.9227438107118543,
                    -1.5275984285680955
                ],
                [
                    -0.33366684932152524,
                    -0.928024807563431,
                    0.1656393377513449,
                    -0.3698319369033567
                ],
                [
                    0.9002627714391548,
                    -0.2615711619778275,
                    0.3480049849962812,
                    2.036628906645684
                ],
                [
                    0.0,
                    0.0,
                    0.0,
                    1.0
                ]
            ]
        },
        {
            "file_path": "./train/IMG_1147.jpg",
            "rotation": 0,
            "transform_matrix": [
                [
                    0.5820162767197353,
                    -0.5526273852435545,
                    0.5965400461931859,
                    -1.2326498350239212
                ],
                [
                    0.8059908004779398,
                    0.294724644693166,
                    -0.5133383030277567,
                    0.9500979292047586
                ],
                [
                    0.10786975098806104,
                    0.7795770371742357,
                    0.6169471289603466,
                    1.595203999887184
                ],
                [
                    0.0,
                    0.0,
                    0.0,
                    1.0
                ]
            ]
        },
        {
            "file_path": "./train/IMG_1215.jpg",
            "rotation": 0,
            "transform_matrix": [
                [
                    0.9609280875338408,
                    0.2077853679325064,
                    -0.18287277397608515,
                    0.4222954767852114
                ],
                [
                    -0.23014790833211934,
                    0.9668269432689195,
                    -0.11080434133926412,
                    0.18406343608636302
                ],
                [
                    0.15378280423670843,
                    0.14856279023507432,
                    0.9768725333832781,
                    0.08656397597888423
                ],
                [
                    0.0,
                    0.0,
                    0.0,
                    1.0
                ]
            ]
        },
        {
            "file_path": "./train/IMG_1196.jpg",
            "rotation": 0,
            "transform_matrix": [
                [
                    -0.5763064507882776,
                    -0.45725872629715725,
                    0.6773369412669884,
                    -1.1804041525823052
                ],
                [
                    0.7944601457414522,
                    -0.507767509396308,
                    0.33317447865936606,
                    -0.5421629973116732
                ],
                [
                    0.19158275394275084,
                    0.7301278063644554,
                    0.65590352550138,
                    0.9228243737105611
                ],
                [
                    0.0,
                    0.0,
                    0.0,
                    1.0
                ]
            ]
        },
        {
            "file_path": "./train/IMG_1191.jpg",
            "rotation": 0,
            "transform_matrix": [
                [
                    0.9723581286271177,
                    0.17546180234248282,
                    0.15405461892295588,
                    -0.1390003094035269
                ],
                [
                    -0.19168562097281508,
                    0.9765937608253245,
                    0.0975768877824828,
                    -0.1942832606086968
                ],
                [
                    -0.13332776306919705,
                    -0.12440973529341046,
                    0.9832323862440596,
                    0.21620582843028271
                ],
                [
                    0.0,
                    0.0,
                    0.0,
                    1.0
                ]
            ]
        },
        {
            "file_path": "./train/IMG_1236.jpg",
            "rotation": 0,
            "transform_matrix": [
                [
                    -0.27320298429911966,
                    -0.33158088569136707,
                    0.9030029045436032,
                    -1.7455173311009402
                ],
                [
                    0.4251689507597844,
                    -0.8836713293557356,
                    -0.19584775971272028,
                    0.28739838801978435
                ],
                [
                    0.8628971506963499,
                    0.33042260503602927,
                    0.38239954158095596,
                    2.2100879854338924
                ],
                [
                    0.0,
                    0.0,
                    0.0,
                    1.0
                ]
            ]
        },
        {
            "file_path": "./train/IMG_1154.jpg",
            "rotation": 0,
            "transform_matrix": [
                [
                    -0.192654535078938,
                    0.03262862212686714,
                    0.9807240198606437,
                    -1.838812957370731
                ],
                [
                    -0.1656227441385469,
                    -0.9861891455592248,
                    0.0002753274112717793,
                    0.06652896863457358
                ],
                [
                    0.96718836672984,
                    -0.1623771603374936,
                    0.19539785327171907,
                    2.27854536576879
                ],
                [
                    0.0,
                    0.0,
                    0.0,
                    1.0
                ]
            ]
        },
        {
            "file_path": "./train/IMG_1222.jpg",
            "rotation": 0,
            "transform_matrix": [
                [
                    0.645634064240222,
                    -0.6203624721494735,
                    0.4453168066009257,
                    -0.73058705480428
                ],
                [
                    0.7631089529977667,
                    0.5460085428407787,
                    -0.3457446991633294,
                    0.6344734790141826
                ],
                [
                    -0.028659744369141413,
                    0.5630497973478749,
                    0.8259258712252645,
                    0.603405425365966
                ],
                [
                    0.0,
                    0.0,
                    0.0,
                    1.0
                ]
            ]
        },
        {
            "file_path": "./train/IMG_1165.jpg",
            "rotation": 0,
            "transform_matrix": [
                [
                    0.9379886516910609,
                    0.05653101457966392,
                    0.342025633088193,
                    -0.564211366024226
                ],
                [
                    -0.0901590266331429,
                    0.9924441268330738,
                    0.08322262331302581,
                    -0.06519617221183027
                ],
                [
                    -0.33473667145287445,
                    -0.10889857439439406,
                    0.9359981096559538,
                    0.5361313660678431
                ],
                [
                    0.0,
                    0.0,
                    0.0,
                    1.0
                ]
            ]
        },
        {
            "file_path": "./train/IMG_1194.jpg",
            "rotation": 0,
            "transform_matrix": [
                [
                    -0.3788620957885137,
                    -0.6455927979362764,
                    0.6630787672875263,
                    -1.0373779284835547
                ],
                [
                    0.9254284451749037,
                    -0.2695198566091267,
                    0.2663479674308703,
                    -0.21852591473457098
                ],
                [
                    0.006760564761554788,
                    0.7145411017892577,
                    0.6995607969418375,
                    1.0368671853605824
                ],
                [
                    0.0,
                    0.0,
                    0.0,
                    1.0
                ]
            ]
        },
        {
            "file_path": "./train/IMG_1177.jpg",
            "rotation": 0,
            "transform_matrix": [
                [
                    -0.02782346657945137,
                    0.813105791060228,
                    0.5814506232276498,
                    -1.04244012508028
                ],
                [
                    -0.49639985109982215,
                    -0.5161242856036017,
                    0.6979992189381343,
                    -1.262717827577525
                ],
                [
                    0.8676479946012527,
                    -0.26921124485149617,
                    0.4179859604220351,
                    1.3050500754719427
                ],
                [
                    0.0,
                    0.0,
                    0.0,
                    1.0
                ]
            ]
        },
        {
            "file_path": "./train/IMG_1146.jpg",
            "rotation": 0,
            "transform_matrix": [
                [
                    0.6916612749065846,
                    -0.4526279679899583,
                    0.5627900171359472,
                    -1.0067983241895968
                ],
                [
                    0.713120394716572,
                    0.5513348865266376,
                    -0.43300016805763564,
                    0.7568598615790053
                ],
                [
                    -0.114297784028734,
                    0.7008264874360427,
                    0.7041152257082499,
                    1.4085000826536598
                ],
                [
                    0.0,
                    0.0,
                    0.0,
                    1.0
                ]
            ]
        },
        {
            "file_path": "./train/IMG_1230.jpg",
            "rotation": 0,
            "transform_matrix": [
                [
                    0.018531497287264637,
                    -0.6330763873389903,
                    0.77386747664061,
                    -1.4059839070629063
                ],
                [
                    0.8136173840762508,
                    -0.44030443762466664,
                    -0.3796824390684199,
                    0.597771815130644
                ],
                [
                    0.5811052709597553,
                    0.6366681160556406,
                    0.5069224536957807,
                    1.8033142720727555
                ],
                [
                    0.0,
                    0.0,
                    0.0,
                    1.0
                ]
            ]
        },
        {
            "file_path": "./train/IMG_1227.jpg",
            "rotation": 0,
            "transform_matrix": [
                [
                    0.21772087723109634,
                    -0.6877194324900983,
                    0.692560179185332,
                    -1.3154871729459874
                ],
                [
                    0.9055140862257245,
                    -0.1224517089300898,
                    -0.4062632380943315,
                    0.5946978009179533
                ],
                [
                    0.36420030102199646,
                    0.7155749863959736,
                    0.5960793400042391,
                    1.550609708690334
                ],
                [
                    0.0,
                    0.0,
                    0.0,
                    1.0
                ]
            ]
        },
        {
            "file_path": "./train/IMG_1162.jpg",
            "rotation": 0,
            "transform_matrix": [
                [
                    0.724521780167317,
                    0.47783085818996335,
                    0.4967352021194237,
                    -0.6247289525671692
                ],
                [
                    -0.6402796138464665,
                    0.7333989553625525,
                    0.22840312687381498,
                    -0.24404118944460587
                ],
                [
                    -0.2551670161988056,
                    -0.48353246347536927,
                    0.8373088740779228,
                    0.39417057885287415
                ],
                [
                    0.0,
                    0.0,
                    0.0,
                    1.0
                ]
            ]
        },
        {
            "file_path": "./train/IMG_1254.jpg",
            "rotation": 0,
            "transform_matrix": [
                [
                    0.9502981801329066,
                    0.14592949223480972,
                    0.27502354832300596,
                    -0.5097606229162032
                ],
                [
                    -0.16285522529629703,
                    0.9858542537612042,
                    0.03961774772285697,
                    -0.1060799875677946
                ],
                [
                    -0.26535173719005223,
                    -0.08243769548592574,
                    0.960620883560831,
                    0.44961469096717
                ],
                [
                    0.0,
                    0.0,
                    0.0,
                    1.0
                ]
            ]
        },
        {
            "file_path": "./train/IMG_1251.jpg",
            "rotation": 0,
            "transform_matrix": [
                [
                    0.2376451190121348,
                    0.6582214821531104,
                    0.7143313501743228,
                    -1.0562292684350763
                ],
                [
                    -0.9488990981567731,
                    0.00011064864498305793,
                    0.3155796084574226,
                    -0.5935895833177207
                ],
                [
                    0.2076422378201771,
                    -0.7528243275751922,
                    0.6246120659129063,
                    1.3255296278651563
                ],
                [
                    0.0,
                    0.0,
                    0.0,
                    1.0
                ]
            ]
        },
        {
            "file_path": "./train/IMG_1244.jpg",
            "rotation": 0,
            "transform_matrix": [
                [
                    -0.2851728834840553,
                    0.428880350085377,
                    0.8571686367547718,
                    -1.387396597731279
                ],
                [
                    -0.2970841266958946,
                    -0.8898117049788624,
                    0.34637573723912524,
                    -0.6992938711349853
                ],
                [
                    0.9112724335733674,
                    -0.1558742281240051,
                    0.3811637139288294,
                    0.9825299646015088
                ],
                [
                    0.0,
                    0.0,
                    0.0,
                    1.0
                ]
            ]
        },
        {
            "file_path": "./train/IMG_1195.jpg",
            "rotation": 0,
            "transform_matrix": [
                [
                    -0.5186972909760696,
                    -0.5007103947141741,
                    0.6929951088999563,
                    -1.0826400242360352
                ],
                [
                    0.8388163029900991,
                    -0.45480493658346016,
                    0.29923181565023615,
                    -0.448061454732406
                ],
                [
                    0.16534911603062394,
                    0.7365063273893108,
                    0.6559101306912402,
                    1.015667624887121
                ],
                [
                    0.0,
                    0.0,
                    0.0,
                    1.0
                ]
            ]
        },
        {
            "file_path": "./train/IMG_1150.jpg",
            "rotation": 0,
            "transform_matrix": [
                [
                    0.06616167015605465,
                    -0.4779757843279133,
                    0.8758777214875819,
                    -1.6044351139239768
                ],
                [
                    0.6193312777554524,
                    -0.6685727284251787,
                    -0.4116300222285919,
                    0.5592506949229661
                ],
                [
                    0.7823371407494089,
                    0.5696925981634555,
                    0.2517914649105715,
                    2.1429899793448723
                ],
                [
                    0.0,
                    0.0,
                    0.0,
                    1.0
                ]
            ]
        },
        {
            "file_path": "./train/IMG_1168.jpg",
            "rotation": 0,
            "transform_matrix": [
                [
                    0.6926624218592364,
                    -0.6994070988381398,
                    0.17620578718905283,
                    -0.29437843964877575
                ],
                [
                    0.7040148285130672,
                    0.6025070628820254,
                    -0.3759632434307798,
                    0.6504877678375829
                ],
                [
                    0.1567861300556076,
                    0.3844670977757287,
                    0.9097269701125137,
                    0.31498649039511634
                ],
                [
                    0.0,
                    0.0,
                    0.0,
                    1.0
                ]
            ]
        },
        {
            "file_path": "./train/IMG_1160.jpg",
            "rotation": 0,
            "transform_matrix": [
                [
                    0.5008592234019595,
                    0.7076850324395827,
                    0.4983191077955699,
                    -0.7949621818477622
                ],
                [
                    -0.8593669642952941,
                    0.338026515682626,
                    0.38370104948169526,
                    -0.5452129230983656
                ],
                [
                    0.10309441794334406,
                    -0.6204191885785371,
                    0.7774648361388912,
                    0.6037169705415432
                ],
                [
                    0.0,
                    0.0,
                    0.0,
                    1.0
                ]
            ]
        },
        {
            "file_path": "./train/IMG_1234.jpg",
            "rotation": 0,
            "transform_matrix": [
                [
                    -0.16593104337644632,
                    -0.4902806586309316,
                    0.8556236115351327,
                    -1.535132874093597
                ],
                [
                    0.6433574479402404,
                    -0.7113909477062619,
                    -0.2828676611092317,
                    0.43066630769665504
                ],
                [
                    0.7473674350838578,
                    0.503535296969345,
                    0.43346755551271515,
                    1.684881106473941
                ],
                [
                    0.0,
                    0.0,
                    0.0,
                    1.0
                ]
            ]
        }
    ]
}